place(11.078, 1.000, 11.894, "Crook Boss", 600)
upgrade(11.078, 2.350, 11.894, 300)
place(2.462, 1.000, 25.969, "Farm", 250)
upgrade(2.462, 2.067, 25.969, 200)
place(6.487, 1.000, 25.733, "Farm", 250)
upgrade(6.487, 2.067, 25.733, 200)
place(10.046, 1.000, 26.044, "Farm", 250)
upgrade(10.046, 2.067, 26.044, 200)
place(2.568, 1.000, 3.184, "Electroshocker", 725)
upgrade(11.078, 2.350, 11.894, 900)
upgrade(2.568, 2.350, 3.184, 300)
upgrade(2.568, 2.350, 3.184, 600)
place(13.809, 1.000, 26.470, "Farm", 250)
upgrade(13.809, 2.067, 26.470, 200)
place(2.121, 1.000, 29.692, "Farm", 250)
upgrade(2.121, 2.067, 29.692, 200)
place(6.363, 1.000, 33.219, "Farm", 250)
upgrade(6.363, 2.067, 33.219, 200)
place(10.199, 1.000, 30.503, "Farm", 250)
upgrade(10.199, 2.067, 30.503, 200)
place(14.137, 1.000, 30.832, "Farm", 250)
upgrade(14.137, 2.067, 30.832, 200)
place(3.045, 1.000, -3.218, "Electroshocker", 725)
upgrade(3.045, 2.350, -3.218, 300)
upgrade(3.045, 2.350, -3.218, 600)
upgrade(2.462, 2.067, 25.969, 550)
upgrade(6.487, 2.067, 25.733, 550)
upgrade(10.046, 2.067, 26.044, 550)
upgrade(13.809, 2.067, 26.470, 550)
upgrade(2.462, 2.067, 25.969, 1000)
upgrade(6.487, 2.067, 25.733, 1000)
upgrade(11.078, 2.350, 11.894, 4250)
place(7.440, 1.000, 12.025, "Crook Boss", 600)
upgrade(7.440, 2.350, 12.025, 300)
upgrade(2.121, 2.067, 29.692, 550)
upgrade(10.046, 2.067, 26.044, 1000)
upgrade(13.809, 2.067, 26.470, 1000)
upgrade(6.363, 2.067, 33.219, 550)
place(9.288, 1.000, 9.465, "Crook Boss", 600)
upgrade(9.288, 2.350, 9.465, 300)
upgrade(9.288, 2.350, 9.465, 900)
upgrade(2.568, 2.350, 3.184, 2000)
place(12.554, 1.000, 8.867, "Crook Boss", 600)
upgrade(12.554, 2.350, 8.867, 300)
upgrade(12.554, 2.350, 8.867, 900)
place(-2.832, 1.000, 3.300, "Freezer", 425)
upgrade(-2.832, 2.350, 3.300, 225)
upgrade(-2.832, 2.350, 3.300, 650)
upgrade(-2.832, 2.350, 3.300, 2000)
place(5.927, 1.000, 15.037, "Electroshocker", 725)
upgrade(5.927, 2.350, 15.037, 300)
upgrade(5.927, 2.350, 15.037, 600)
upgrade(5.927, 2.350, 15.037, 2000)
upgrade(2.121, 2.067, 29.692, 1000)
upgrade(9.288, 2.350, 9.465, 4250)
place(3.311, 1.000, 19.711, "Freezer", 425)
upgrade(3.311, 2.350, 19.711, 225)
upgrade(3.311, 2.350, 19.711, 650)
upgrade(3.311, 2.350, 19.711, 2000)
upgrade(12.554, 2.350, 8.867, 4250)
upgrade(7.440, 2.350, 12.025, 900)
upgrade(7.440, 2.350, 12.025, 4250)
place(5.171, 1.000, 8.264, "DJ Booth", 1200)
upgrade(5.171, 1.825, 8.264, 300)
upgrade(5.171, 1.825, 8.264, 1250)
upgrade(6.363, 2.067, 33.219, 1000)
upgrade(5.171, 1.825, 8.264, 3000)
place(10.481, 1.000, 6.408, "Crook Boss", 600)
upgrade(10.481, 2.350, 6.408, 300)
upgrade(10.481, 2.350, 6.408, 900)
upgrade(10.481, 2.350, 6.408, 4250)
place(10.837, 1.000, 20.022, "Freezer", 425)
upgrade(10.837, 2.350, 20.022, 225)
upgrade(10.837, 2.350, 20.022, 650)
upgrade(10.837, 2.350, 20.022, 2000)
place(18.796, 1.000, 11.741, "Freezer", 425)
upgrade(18.796, 2.350, 11.741, 225)
upgrade(18.796, 2.350, 11.741, 650)
upgrade(18.796, 2.350, 11.741, 2000)
place(14.773, 1.000, 3.608, "Freezer", 425)
upgrade(14.773, 2.350, 3.608, 225)
upgrade(14.773, 2.350, 3.608, 650)
upgrade(14.773, 2.350, 3.608, 2000)
upgrade(5.927, 2.350, 15.037, 5000)
upgrade(2.568, 2.350, 3.184, 5000)
upgrade(3.045, 2.350, -3.218, 2000)
upgrade(3.045, 2.350, -3.218, 5000)
upgrade(18.796, 2.350, 11.741, 4500)
upgrade(-2.832, 2.350, 3.300, 4500)
